F1: 0.296474
BLEU: 0.235759