F1: 0.276348
BLEU: 0.193907